0
75
146
246
223
200
85
90
133
124
106
250
212
170
104
64
205
103
237
112
239
144
186
134
70
132
165
87
164
29
213
82
63
78
193
219
113
220
75
253
168
86
179
41
234
186
10
163
120
38
134
229
96
166
148
131
62
99
84
241
20
109
183
226
224
5
119
1
50
50
8
191
115
57
95
248
99
67
227
98
203
54
7
220
136
254
175
151
210
245
242
57
51
240
244
14
172
175
112
78
178
166
7
132
123
46
38
121
41
225
35
20
1
52
214
139
163
157
59
53
203
40
222
205
83
237
164
61
164
106
43
123
22
131
119
239
160
249
113
231
123
83
218
112
49
195
55
31
56
244
